861
449
178
817
716
11
246
551
337
514
249
364
765
792
859
447
540
873
441
948
25
357
786
531
300
822
186
103
331
644
950
712
918
986
961
453
253
454
787
180
763
838
591
664
167
891
262
32
183
500
972
176
236
695
755
486
224
817
461
862
270
384
247
340
583
475
162
407
458
478
530
428
717
125
885
159
474
431
369
174
417
778
133
542
350
834
938
650
560
539
465
293
627
969
859
433
60
415
513
670
662
994
708
46
196
764
951
286
605
399
81
447
55
328
734
412
127
452
306
586
756
152
325
195
276
655
612
152
495
524
898
694
755
517
207
393
884
730
513
483
810
544
996
292
31
94
655
50
331
822
1
831
517
921
827
721
655
907
417
128
561
306
871
742
531
263
50
319
905
353
4
416
684
873
451
856
215
481
474
294
38
728
513
987
277
601
172
586
636
872
360
57
208
384
117
208
36
472
350
610
152
915
938
818
364
648
459
687
477
730
45
842
477
239
716
570
196
570
218
591
402
77
258
505
810
59
105
610
597
18
17
435
651
966
107
803
295
86
351
743
814
736
705
189
621
621
114
854
543
423
460
630
844
533
94
38
500
907
436
551
398
49
467
436
673
777
684
889
687
903
12
395
278
202
534
232
290
311
114
858
758
336
191
132
427
443
67
165
812
134
688
252
483
642
506
771
1
119
823
208
247
566
527
517
177
543
837
422
704
821
40
498
409
764
443
161
527
86
650
815
48
684
617
682
84
189
660
467
555
969
852
278
11
572
122
364
335
956
152
833
168
525
169
402
213
182
154
550
695
644
655
577
677
566
66
530
399
470
501
378
278
810
663
764
993
267
906
957
987
238
625
873
249
924
195
774
445
580
313
944
81
913
477
877
579
162
786
102
627
519
484
405
347
249
198
970
635
560
295
26
438
607
294
534
755
200
158
793
324
707
877
826
505
988
653
889
52
87
892
956
499
383
397
596
336
957
429
519
705
645
275
615
359
920
794
460
831
226
413
880
931
732
859
66
975
868
632
816
962
854
541
418
272
128
857
288
658
146
936
109
462
789
145
514
193
27
678
696
979
795
105
537
865
592
764
485
589
320
792
564
268
832
296
76
611
636
592
49
301
877
764
688
574
996
817
969
235
411
546
23
