584
275
4995
1784
3296
251
4210
2208
4029
288
4084
1056
4245
2644
2684
6
4141
3444
2714
4336
3749
1616
1673
1171
4526
4237
2450
1917
207
1600
74
4683
461
716
4743
1079
4982
2394
3658
367
2418
1931
4967
2098
1923
3486
4274
562
4154
3254
3200
2099
3611
160
4549
949
3769
4315
182
3669
2528
4407
42
4910
3710
3672
1789
4692
2866
2462
1785
4633
4480
2175
330
2456
3498
2064
988
4441
3248
1741
3106
1981
2034
2299
2053
4010
2397
3482
281
1316
3791
1036
2921
1925
1927
1618
3281
779
3780
3186
1289
3752
1436
495
3031
2950
650
821
3990
998
3190
622
994
1654
2697
1352
2180
1924
3725
2723
511
2125
4172
2450
3256
4581
2429
4283
1099
4165
753
1797
4162
2326
1303
4028
804
4025
856
3093
947
1901
1773
4676
4069
1214
1353
1609
2975
3804
1487
3651
1667
3772
195
848
2496
3346
1902
4075
3316
497
4630
2126
2934
632
3169
1211
407
1022
397
4629
1451
3078
2138
274
2401
2236
17
2015
2376
3754
2044
4917
980
1579
3846
3514
2081
2930
336
4169
2188
2028
3227
406
4230
346
781
3830
1142
531
58
2759
2420
3180
571
4904
3985
782
1626
3405
256
2276
4888
3730
891
1353
4930
504
883
1509
698
4908
4545
1948
4447
4253
798
1515
1838
3166
2013
3571
2919
1328
1667
3999
982
718
2965
1832
4808
922
1039
3408
4689
4711
1287
2351
2636
1379
2477
581
1780
342
765
534
2513
2381
4539
1926
4177
692
2390
232
3114
1675
1081
1724
3118
870
3216
2812
2861
2391
4229
2858
2285
4171
2783
3546
3627
4228
1240
1291
3126
4889
1432
521
3187
3089
4667
977
3369
4153
4037
486
3315
3254
2323
47
956
1355
610
497
3703
1958
1065
2514
776
2394
705
530
4344
865
2625
4970
423
3264
855
3890
202
476
1968
992
2160
3223
4565
2817
401
3147
2586
2784
2203
754
3981
4569
3977
4489
4824
2961
4976
3464
679
2627
1455
3021
4757
2653
570
1602
514
4127
4070
4930
3194
2057
3589
4944
4475
4553
2762
4804
2200
4551
3948
125
1211
1345
3291
3006
875
3957
3634
1885
1362
1546
4886
2165
1633
3971
4465
3959
2086
4875
3297
3473
1818
1270
3171
1845
1071
388
3740
538
2517
2940
2440
3205
2957
3392
2532
9
3617
1790
2687
3043
250
4414
3790
2247
1315
2777
4754
4728
987
3774
4546
3694
1637
1358
93
2871
1282
398
2102
2558
4257
1436
2216
3486
667
1847
1703
2560
2316
2177
4515
1308
1946
2056
1719
985
2908
4833
1612
4630
4335
2599
4782
2978
3183
2015
1795
1024
1209
3730
4856
1133
3831
4999
94
1404
2942
1361
3969
3141
2253
1703
873
671
1505
687
2470
4072
3209
1771
301
81
2333
2830
683
2648
1969
17
2754
4672
1449
2145
2153
4022
622
4947
3644
3954
4125
2347
1762
4379
991
1575
1099
38
298
4685
4769
2097
3205
3203
2987
220
1746
3659
1963
4292
1967
2786
1542
693
370
1242
3701
4475
3254
2094
2004
1663
2521
4499
1629
2827
3049
1977
986
793
701
4098
4221
3335
2623
1163
749
1893
1686
2937
4760
3636
4593
2111
3593
1560
645
3066
422
4345
1993
2564
2440
3974
2540
1991
34
1736
4875
2050
3624
1603
1180
3367
417
3492
3115
2434
680
4596
1949
1957
1004
4998
3627
1848
1205
2787
2139
4974
1507
2940
3047
1935
4515
3951
4430
4410
4732
4331
4024
2153
2520
484
2573
1010
4828
1404
1143
3014
4290
2689
4823
4094
4332
4992
4517
3064
2880
46
4500
3096
1030
2774
4425
4522
4766
858
4516
4647
3101
1580
1797
3132
1085
32
3790
189
1992
434
21
3829
671
730
1450
4749
3423
4623
457
3177
165
4563
1061
4648
190
4888
3264
2809
4345
3410
466
4500
1247
1522
782
1003
1190
4909
2185
1579
410
3492
3713
544
3437
4138
3215
2214
357
1747
3801
4552
2427
2161
2874
1648
670
2817
2175
4900
3574
3161
685
2348
2869
1164
1350
4939
2626
160
1811
1130
2143
2495
2433
4084
4329
3839
1810
4134
3225
429
4010
2796
851
21
521
181
3822
464
2251
3922
4062
1054
795
1808
2082
3228
2665
3793
1881
3561
4707
688
376
3726
677
1282
645
1089
2684
2404
1843
4310
4127
3427
4184
1857
4429
4356
186
2148
97
3284
3868
2734
4407
2073
2208
2209
149
1976
312
2370
2859
213
1620
904
1903
4204
3706
1983
24
2566
1472
3736
1841
1697
2878
262
4289
345
500
4684
2240
1426
1825
1222
2661
80
1147
2535
3300
2026
1346
4224
1373
2534
1679
2492
3526
3537
248
391
671
331
1970
2144
1817
3698
4900
392
4973
800
2110
2562
280
769
3041
3488
1850
2927
1060
2655
451
86
2390
3872
3498
894
2445
3068
14
4289
1704
2148
37
1842
4967
2057
2796
4461
4871
2861
711
2958
1875
3328
4872
219
4318
1832
3516
2934
2421
205
802
3370
4427
2614
3230
2904
1014
3287
4449
3176
2423
4465
2049
1178
1415
4896
1967
2295
2860
2661
598
3529
4943
1413
3019
3865
2910
795
1110
354
1998
1066
2440
906
362
2283
1662
2852
1142
3707
3947
2174
1852
830
2743
4118
1800
1781
3763
1127
3675
3992
2729
1484
4133
451
2693
2602
1668
3030
4488
614
3618
165
228
2000
3618
114
4625
3736
4237
3053
1072
4112
1694
2574
1178
1707
715
1312
1636
4890
2335
3819
518
569
2834
4340
4849
1409
4317
1021
1100
4292
4567
2781
4707
1437
3494
2970
2506
1775
3904
1782
902
4290
3729
3835
4556
255
733
3367
4804
614
371
2203
4259
2980
4010
2678
4281
4713
4405
3384
136
2241
3840
3063
1302
1515
4923
1738
3565
4589
274
3048
4284
864
291
3888
693
1601
4308
3426
2805
3957
2172
3336
4728
3635
4673
2268
260
1480
3169
4432
115
3500
3101
4614
2987
90
3465
1366
2610
4801
1350
2839
1593
2266
4733
1090
2175
3937
1362
1698
1440
412
1759
4913
2029
4127
4065
2677
870
487
2675
3339
3828
150
357
1623
207
776
575
1403
3536
221
2206
2194
2498
4076
941
3277
232
919
308
1945
3612
4052
1245
2047
883
4017
3502
673
2237
4168
4219
3044
2169
4366
819
832
1385
2714
2342
2662
1515
4647
529
2795
4062
2299
1792
4639
2934
4457
1600
1338
3614
4801
4571
3858
4975
2724
899
3200
3714
4968
4903
552
2191
3808
951
1304
2667
89
3306
2169
3911
426
1638
1623
54
4591
3219
2463
872
2696
620
1379
2794
4881
747
1263
119
2328
4995
3798
2470
4144
4837
2039
954
3815
3752
4947
2734
2530
4566
1725
2031
3264
1131
1441
1243
854
2113
780
1003
3048
3585
2326
3973
2484
4004
4064
1864
1677
2015
2219
4293
2711
2260
4853
2295
3512
80
2009
2248
3387
4630
2018
1262
2169
1285
1876
3620
4534
4955
2638
2235
777
3294
3469
2233
708
1047
2894
1954
3825
503
3153
4305
3195
3521
2568
532
2222
1368
1308
1286
4894
517
2780
1890
3602
3683
857
3324
4299
627
316
4883
4319
2816
3240
4667
1154
727
2944
3389
3849
2077
3665
3812
4302
2036
3809
1788
4000
1935
3627
308
3466
1605
2129
3875
1749
3740
730
1430
2265
1792
2562
531
21
4550
1074
2656
4104
613
3457
4368
1670
4883
4287
2247
2281
474
3327
19
1735
3235
2647
2161
2112
4765
142
2907
2854
4205
4559
2952
3882
1499
1248
4041
4537
2471
1299
2207
3920
3050
4977
4426
3676
1464
3610
4481
3763
971
3697
2113
1866
3178
1707
4868
2478
4417
2591
4973
3473
4221
81
3656
2319
3997
2297
1687
1873
1677
4052
4258
4525
2599
1672
4786
3579
136
1806
2837
3448
4885
4165
2581
3756
3131
988
2092
4701
3323
2369
2320
2638
2316
3001
4483
3030
3959
3308
2315
3561
4276
4644
4764
4154
1850
898
4589
4179
3029
1518
2267
362
4093
3306
834
157
699
4377
2404
4912
1292
2160
2809
3665
355
348
2911
688
4442
1532
4342
2107
4494
1529
1993
4381
2274
4191
4830
2500
2277
3920
597
506
557
3022
2186
2685
2080
4697
4087
359
2380
126
4043
2298
799
1983
320
1864
1197
1425
2477
573
916
1448
704
3465
2134
2605
2646
4639
850
3639
2312
18
193
727
4819
642
3575
4889
4433
4180
3602
3965
2791
1372
686
2977
1384
1921
3433
1393
2617
2556
4024
4435
973
3145
3544
3663
3730
4475
1206
1022
4009
1150
1097
712
1757
744
2599
4515
4912
4968
418
4026
2762
2411
5
513
2398
4351
1646
740
3354
2630
4323
1959
600
1916
2000
4365
1818
3920
4810
3438
475
1552
3589
4168
3230
523
2973
3436
3077
2655
4826
1914
4637
1218
167
1591
2043
3003
2536
4245
2392
2468
493
3375
2214
291
4437
4118
805
1827
4586
282
2398
1365
1835
3759
53
2510
855
335
4286
3700
1845
2999
79
1261
2234
4646
3585
3771
157
2914
781
4455
1064
3530
3511
4797
768
138
4195
4837
3321
2729
4856
2229
3911
1638
1437
2499
4085
4867
1766
4595
3615
4693
1946
1448
1643
4678
2367
1206
3278
195
4971
4966
1051
2352
4132
3157
1401
2472
2493
11
4765
690
4788
3825
78
2697
926
3641
1635
4123
3286
3018
3355
3924
1157
3693
102
4253
730
1213
4518
554
2447
2002
1633
657
980
4623
539
3174
1013
1406
4358
4690
2573
3010
1142
1693
1626
3518
2601
2917
3127
4580
911
4823
222
3041
526
716
4226
2855
2007
317
4956
4451
2978
470
2697
2686
3645
3928
4694
2820
528
4033
957
4358
2973
252
1316
4302
863
4073
2057
4029
2827
2991
1620
317
4277
428
790
1242
1216
1725
4851
1619
2403
2392
1762
1841
2992
1931
2946
314
3193
1067
3386
2571
3939
3701
2293
174
1331
3973
4401
4961
3455
1673
2256
3048
3549
1547
1559
4449
4022
4740
1650
2412
4332
3404
4246
4300
4536
2284
1297
4867
1175
3510
4302
3697
895
788
3825
176
2553
4074
2793
2359
354
4142
824
3185
1547
1420
230
2199
406
1580
420
3505
3692
2224
2204
2686
459
2708
1656
2402
4945
1691
3100
1200
4624
2251
1843
1281
1620
4950
372
1216
2822
3739
3622
4838
3160
4185
3184
3024
3095
442
2052
476
300
370
3296
2755
4585
1467
571
1155
4718
1187
4104
3446
3787
808
1552
3507
2854
3182
1682
3673
2740
3304
1838
1091
3299
4832
4476
3945
3010
1366
1657
3438
2217
4311
3306
1808
1958
1659
4274
304
1076
4461
2894
2039
4760
3336
4911
77
149
1313
4137
3828
3571
2645
1861
1989
1519
782
3523
3757
1689
1629
1972
2941
2079
421
3946
390
1847
4986
1414
4045
4939
4524
3042
1927
2347
1851
1829
264
2656
1258
3928
2555
4606
1161
1092
476
855
410
2598
4125
1931
4592
2386
2492
4803
1383
4942
2673
686
194
616
1790
736
1998
1525
1628
1303
4018
2953
254
9
3068
721
755
2018
2561
2924
3930
4489
538
4504
1150
406
2752
1090
259
4420
1456
1801
101
2904
588
2246
1194
2226
3389
1443
2859
4014
3421
4360
2251
3439
1039
349
932
1615
1554
1004
2333
4102
522
383
3004
1653
2803
3534
930
2479
681
1686
390
1444
3517
192
4764
4449
1017
3963
2883
4537
2707
1113
3664
3830
59
4828
98
2099
3076
60
1144
3734
3902
1228
2647
1943
4207
2604
1109
618
187
2596
2327
2794
2958
2558
50
3463
1686
398
2576
2171
421
3086
4061
4741
3550
4252
4931
173
1475
2256
114
2512
4368
106
1220
3656
2962
818
3815
1830
270
2306
1158
4966
881
3834
3661
4019
3957
3415
3903
4547
3559
3524
2558
2154
4731
3978
3961
4264
4383
1885
2588
4103
1237
4211
4306
4958
2801
4780
4728
1953
3836
563
2597
3884
947
4499
1693
4743
3308
4451
4357
4965
1725
3635
4601
1059
4862
3208
1834
1285
1685
3142
1677
481
322
1193
2672
3811
2472
1957
327
2469
344
833
3999
1806
3218
4992
4033
2050
3398
4480
2889
2569
919
3676
4186
195
1775
101
892
4879
1074
3480
2288
1979
689
447
4316
1043
4935
343
3285
1267
2626
3167
3619
65
3698
3011
1774
3622
4958
1074
2879
3670
3857
2123
1361
918
2067
165
2469
2201
2215
1900
4613
1101
4690
379
4336
530
4547
1057
2862
892
1771
502
2695
2413
4431
3484
4948
4224
4953
4039
4796
3392
1761
3471
1952
2236
4939
4786
2902
3707
36
1008
1192
3618
1865
3846
2989
4964
2583
1664
3552
3268
1055
1089
1673
4546
1982
3541
4866
1600
4991
3705
3380
3189
255
2184
212
2769
1641
885
3644
3234
3094
1609
3966
995
3090
503
3065
4563
603
3361
3749
4046
3711
46
4506
3649
4165
1
3010
3661
1657
29
3624
2705
2366
3792
4618
3642
3615
331
4764
4264
2807
2386
1415
1054
2865
943
1162
4134
3513
4522
1330
701
2468
413
920
2428
3295
4309
2317
3377
3512
2725
2887
3687
3275
2763
2336
2009
1904
2908
21
1431
4295
3432
2424
1916
359
703
4764
3013
538
988
1865
827
4868
4641
591
1076
591
459
1303
4493
2700
1931
4963
4572
379
2482
3715
3810
3916
623
1388
4298
2411
4558
1488
1240
2231
3509
3161
3330
1560
2248
3738
4264
929
283
3849
1775
3552
2621
2564
762
467
852
487
1370
3781
2805
3255
2610
1159
1380
4234
3983
472
1525
2425
4463
2117
3757
410
4245
4185
951
2823
4068
3638
364
886
1353
4629
1117
3811
2681
517
3280
3877
3634
2457
2568
92
3259
1404
4482
4643
1112
4746
3144
3989
3538
1733
4637
26
4166
2124
3081
4351
4049
3475
50
3143
1818
3777
4314
4772
1159
2103
2172
2249
3320
3486
946
2226
2147
1416
2452
4679
2480
989
3556
4298
153
3998
4567
2331
1037
1516
3882
2291
3160
2684
3773
4295
4769
4970
3356
1437
4847
4378
4335
3052
1648
2649
3392
4120
2007
613
2248
4725
3490
2915
1916
1798
944
2741
1656
755
3988
1590
3245
941
216
3272
390
4837
4076
2986
875
2342
3958
1379
4363
4091
1715
4055
2372
4212
4827
4174
1850
2933
3678
2412
4274
4820
697
3992
284
3149
4678
2060
1758
2002
2603
1683
247
3130
398
3849
1270
744
2371
977
1271
4638
3707
3432
2401
379
506
2648
2099
2927
3183
2499
2544
1155
2376
3510
540
3625
4951
4366
1298
4429
2151
2870
4698
397
2248
2144
4480
3382
1308
2999
2724
3182
4748
370
2121
3697
3199
756
401
1037
1935
2063
4347
2431
3668
485
895
2187
3175
3827
3471
171
3961
4681
239
626
208
1958
4999
1598
2110
3475
3293
640
2800
2420
2603
25
4352
2981
2853
2631
3155
1540
30
387
2391
335
2929
4410
2083
737
2324
4941
2559
1267
4679
701
1291
4633
2497
1929
791
4398
1770
252
2303
3557
2333
2341
959
3974
1340
977
1271
1331
2648
1566
517
4955
2686
2260
4132
3268
4547
11
3852
4710
1227
4104
4866
180
311
1085
167
3657
1458
2372
174
4183
3622
1316
1651
749
2017
2910
4354
810
2934
2940
3821
4466
2200
4831
4429
4313
2891
461
939
576
166
2228
3950
831
549
3613
4371
1544
4351
3179
1558
2481
2168
4438
487
1433
4475
3773
3665
635
2255
443
885
1003
1376
2226
2758
2803
1849
3906
1151
385
327
3680
519
2910
4617
1036
3403
461
423
2332
3165
4790
4692
24
909
3748
1908
1653
4083
3059
4007
1051
1223
1186
2798
708
272
2024
4806
4355
3806
3800
4130
1232
4208
3182
4304
532
2548
3090
4681
3849
4126
1036
4714
874
2235
4862
4439
3463
2266
59
247
2140
4260
3835
1257
4734
4111
4141
1924
3960
1186
2320
4685
1253
3481
558
470
4777
4058
4079
291
3463
567
834
1478
1807
4953
3403
68
1509
2805
43
2326
2484
640
995
1966
2554
2732
4617
2848
678
1256
2584
4745
2603
3462
3982
4928
3928
3588
4120
4463
691
2422
3713
3221
3532
4063
2833
599
4757
2374
3949
131
4759
877
2444
1111
1948
1052
1200
2607
3525
1066
2375
2687
363
719
449
3935
4340
1676
122
105
2088
3851
4380
3148
417
2368
3358
3520
1661
1094
2794
2140
3767
432
795
3335
902
3323
2347
4152
4909
732
356
2307
1760
2907
1991
2825
2054
3578
4897
2247
1302
4293
4629
939
4593
2290
487
400
1679
79
3615
2647
1200
1378
3774
4347
114
3811
2745
2023
3224
4082
3129
1700
2234
4010
2969
4180
4220
1195
514
238
1107
276
2819
3021
96
1489
4260
663
1263
223
3485
4846
193
4235
4738
934
44
1583
2208
2247
4951
4534
2735
3617
2897
4558
2558
3178
3198
3884
2743
3194
3291
1607
4395
1970
2357
2545
2146
1077
2037
148
1816
1303
1858
14
2569
1680
4608
2711
2615
1714
4035
749
883
2144
1043
1698
4919
1810
3856
4899
52
2967
233
992
2186
1558
4243
936
4028
502
2567
2732
4636
4146
1626
4763
32
1288
1782
1281
1644
3114
2830
4698
1037
4637
4443
3145
3678
728
1584
1265
60
4938
2937
238
3747
569
4386
1410
56
4160
3600
488
4882
1138
2038
1396
859
727
2726
3734
4186
4376
1439
1081
2695
4776
2835
3458
4596
3650
3622
3571
3636
527
3898
370
4706
1747
3534
2246
1939
710
600
4619
3957
4151
3683
3009
1937
928
2575
2736
2863
2277
4885
1322
1900
4762
3815
2569
2573
2814
1408
3905
918
555
1287
766
4122
2373
3816
3419
2931
3296
123
70
37
3173
601
865
314
4302
4076
2206
1150
633
2373
139
620
4947
2066
1467
2910
1996
1721
363
1563
4252
4643
796
810
3400
2516
2964
1453
2901
1265
2204
4427
3411
2228
343
825
755
1347
3083
1360
870
502
4520
3334
461
3242
2994
1523
4900
850
2618
4624
982
4929
4608
2774
1615
1932
764
263
1550
3612
3989
4768
3662
3907
1951
1266
1590
881
1228
2942
4653
4381
315
1873
608
1200
1338
4496
88
1776
1049
3546
393
4902
963
1956
2527
4658
911
2884
4632
4714
2141
478
4556
2866
4179
4322
2183
1955
4086
4577
225
4865
2291
3878
88
796
1143
2113
2300
4473
1973
1690
3678
75
576
2309
4286
1151
2378
2962
884
4359
3845
4432
809
2086
4623
154
1579
219
319
2020
4361
558
957
1992
1601
1924
516
3795
545
1417
4240
4904
68
1451
1319
372
4817
1258
3104
3769
4998
968
1739
2007
3767
2529
556
910
1045
2234
1851
798
831
2667
4825
4308
1171
3762
973
361
4418
3997
6
2408
4345
3557
2256
2541
236
1421
4827
4504
3174
3618
4459
3915
1458
3773
1560
4752
1788
4230
4532
4755
319
1916
3272
2103
1790
1371
3856
1438
3161
1298
612
1369
142
3223
1244
4473
3245
1344
238
979
3978
1847
2186
3784
780
2383
766
4900
4450
1529
4380
3798
2151
2198
1181
1289
1077
2498
1888
926
2380
2785
646
516
1517
1792
421
218
4709
2341
149
4859
56
1672
2192
1461
529
968
139
1839
2558
779
2847
4652
4460
3918
2811
866
326
713
3556
2763
2048
3483
1692
4051
1580
3698
2949
761
1574
2502
924
1873
4650
4782
2805
1214
1031
2349
704
3710
332
2057
2803
4355
1020
27
2931
646
3332
3522
2836
339
4292
4159
4840
1065
4402
1380
3663
3316
3872
3020
2359
4479
2974
2979
4956
3675
537
2780
3562
457
1596
2283
1010
3295
58
3799
3517
3716
1501
1093
1859
4847
2695
2830
2335
1440
3142
4834
2
419
984
3738
88
4185
4772
574
2580
4213
1840
3494
3592
1489
628
3388
2547
2793
2461
1720
4591
1146
1732
2557
801
440
1871
4426
4908
1814
3490
3621
2948
4159
2899
3833
1836
3265
4
434
3628
610
3954
1092
2634
3232
2710
1213
123
4335
1916
4042
504
3254
4964
2581
133
3655
1388
4630
1344
3297
2066
78
1805
15
4488
1102
4919
218
4244
180
1648
3347
807
903
528
1963
4585
3474
1556
1984
2525
3756
4804
1345
1575
4405
4006
282
3201
1537
884
134
3906
2835
4571
1967
4169
4214
4019
340
211
1649
531
1755
3782
898
1059
1119
3097
3179
4621
4460
2699
4924
992
4421
2100
155
1416
4428
1557
832
3142
490
1802
487
1705
491
1918
4229
4643
4679
3739
1506
2019
2331
4811
4361
3157
390
3515
382
4860
1671
2899
4372
4583
713
4749
1260
1710
2068
1987
3356
3440
3627
1946
2355
2450
1339
3441
4853
1213
1784
3388
118
772
2567
930
2875
3113
4538
284
1174
724
1143
659
3855
730
4422
3882
1427
4204
2833
4455
3715
4049
2394
3530
4288
84
2905
4155
2057
1808
4318
3339
632
2099
1423
4759
1882
4822
2019
4477
774
3500
1093
2138
960
2296
740
2582
2696
3616
1299
637
267
218
4666
678
4150
4886
4970
3251
1920
596
615
1175
170
1246
2449
584
3925
2350
625
4647
2630
1995
4705
4431
3682
2923
4778
3413
37
879
1076
3263
2652
1062
4935
948
2617
2818
2656
2112
1356
4766
2495
4716
733
2528
1392
4671
1458
2707
4158
2543
3375
4326
356
1157
3191
3976
1469
3831
1251
3755
2799
1046
912
4402
4428
1092
2236
3896
4061
1091
4989
1321
4372
2084
576
569
4268
2912
3898
4023
1176
3020
1385
4384
1650
2908
3690
3679
1846
4820
2065
2667
1504
572
4636
4561
2990
3746
2603
865
224
4928
4548
1255
252
4386
4512
1791
1608
2759
1187
3611
2961
3287
4497
2144
1196
1330
2154
659
3154
1663
4147
3925
4590
4316
4253
3228
2236
2082
3497
2818
910
4576
3592
1330
4197
2188
2945
2909
1535
1873
3768
4318
1662
929
2087
3160
460
2187
3275
3372
143
2172
121
655
1312
1879
2631
1974
1693
28
4880
4767
2888
3059
988
62
3020
134
572
3578
3433
789
2551
2582
2554
1298
2179
1213
1908
3433
4410
3634
3057
1000
4640
4031
4729
2275
820
1339
632
299
3045
3729
3118
1088
4673
3266
3357
1071
2459
429
2272
1332
2560
4904
4169
1080
22
3133
3135
4744
2265
4970
2481
2317
40
4804
1911
151
2705
1210
3894
2714
2682
3875
4835
2787
225
1487
3000
890
1661
133
2286
4057
2887
1102
3955
1124
2675
963
1725
4806
3124
4419
1056
377
3064
4463
3742
4173
4475
1713
1750
3751
3465
4816
2975
1009
1520
4010
3750
4204
4531
3779
3887
1418
2145
3804
3097
2029
732
3608
2078
1005
4414
894
4508
3440
2571
2151
4411
22
1117
937
1510
2175
4421
4154
4268
1829
3854
3224
368
4952
4157
871
3883
1768
2984
2332
2474
1864
4586
4265
4012
1810
3114
331
2169
3326
2418
3036
4180
4727
4622
3987
4333
3854
1701
2736
1205
3045
48
45
1455
1891
1862
805
6
3759
2540
1834
1857
4405
2398
4027
1447
376
78
1440
4263
2697
382
3839
1378
1290
4597
754
2793
3891
4853
3550
3668
4499
3923
1749
57
184
1052
1843
4788
3294
4115
166
2153
1193
1316
772
1556
677
3752
4534
459
2802
3965
3066
3922
3865
1263
1366
3203
4542
2520
4858
1231
1839
4307
3250
3832
1563
1882
4015
3901
1219
2017
2335
4305
4201
2447
1941
1258
4155
912
777
1882
521
2140
2945
4562
2117
355
4891
1960
4477
3778
2034
2649
825
2012
1517
1407
1311
2914
4819
3738
3622
2770
4698
1662
2107
812
4831
93
2003
1894
101
4979
2960
274
4925
1966
833
3184
1653
4746
4448
2040
2543
4858
2613
691
4737
1578
1167
2458
3244
4158
1681
4996
3546
2992
959
1193
3591
904
279
2302
1624
4506
2737
3957
1966
1237
3086
3457
1816
1465
4654
1048
2409
3096
3122
3140
2143
185
2005
2951
256
1153
4103
647
3347
3651
4488
1433
692
4051
3772
1828
1160
3811
3686
384
584
4318
3917
796
2998
4371
3847
4412
4065
1750
4046
1266
1992
1869
2564
1566
1574
4653
4517
4911
1582
4219
3950
3484
1363
2673
4432
3672
1947
1635
2986
3116
282
2954
1020
2006
2538
3255
1858
244
1482
3170
4841
1736
3360
3861
4294
3413
4719
634
3702
1874
2905
3217
3370
4693
3502
1845
3757
880
568
671
908
4831
1949
285
4090
4410
4941
859
2814
414
4345
1699
2770
1016
684
2235
3263
111
4910
578
874
4530
2384
1034
243
3191
279
673
4873
1571
2336
3667
65
1593
3210
3913
2982
2897
956
4210
2284
3091
2703
25
4548
1631
1165
2749
173
247
767
3237
4356
437
1842
4379
2873
4384
3095
4455
1188
3484
1030
2276
4633
3799
4631
2115
3254
1904
2258
1716
1677
2009
3144
109
122
2532
4220
3155
2756
4172
2010
2305
468
4488
815
1791
2297
698
2582
4245
4163
107
2582
1075
2596
392
802
1701
750
585
198
699
4156
1814
2765
4487
4868
912
2515
4211
2749
531
2805
2303
3222
1355
3687
4133
1791
2001
1138
3116
2914
4863
246
52
4829
2269
1061
3125
4431
3820
4893
116
4987
1024
1868
993
4446
503
3448
2456
3488
537
3849
3069
956
3775
3221
2372
2
1727
4209
788
4475
4211
1624
2422
4112
4832
2392
3343
4778
1142
4599
3656
2410
2089
2207
976
2057
3784
61
3149
2243
2001
1790
1792
34
916
1413
4957
4716
1030
3833
2654
3222
2638
3159
4774
4776
1719
565
546
782
172
3853
3002
2543
1502
1961
2095
1716
3298
3550
363
2087
1766
3574
3180
1660
4949
3267
891
609
4569
3605
4922
636
1492
975
935
484
4577
1220
678
933
238
2253
1079
273
1417
2558
3094
2126
3621
2693
2095
4898
4668
3495
1845
2984
2019
3759
49
417
3644
4063
4665
3576
2656
2509
2696
751
3981
1329
243
3142
292
2066
424
4691
4691
4713
3247
1133
3414
3566
660
3912
2537
4284
2027
2946
3340
1592
2304
2489
1908
3984
1277
2095
2038
1835
2398
392
733
128
2496
4549
2348
3284
3377
2174
2236
1874
4486
2757
1494
3815
4067
2006
1769
3931
1245
4447
2725
4243
455
475
998
32
4729
1373
203
4547
1762
2977
4845
96
2378
3054
1837
1365
2697
606
4959
698
3325
4188
4808
4071
781
1647
2211
368
3727
772
2408
2792
3848
1382
2043
2583
723
4593
2358
3827
4959
4677
3159
2877
2328
2435
569
1091
502
4891
876
1038
37
4588
607
411
979
1088
2418
4751
232
1209
1679
1895
4342
912
920
1637
3081
704
4723
1536
1136
4256
2746
4675
2606
1207
4203
694
1503
136
1913
1546
322
700
1404
4326
3516
3131
4355
24
4307
1284
936
2036
1750
1995
2862
159
4193
2202
4958
2011
1803
4714
162
3349
3151
3514
4291
2846
2167
2442
3704
772
3193
2858
94
439
1959
1846
3961
1113
2943
3323
2717
4531
3220
2586
3515
1101
4584
3111
1064
2732
1231
854
4056
2364
3652
3098
468
964
4276
3750
1847
4249
1339
4630
3547
432
1505
2843
1834
4935
2506
3207
606
4103
2425
4014
3849
3669
3113
4118
3045
486
4639
2868
4735
2215
4141
1700
3957
1180
115
1012
1952
2540
2234
4081
2260
4329
3189
3047
2747
3082
424
2306
2537
3960
4163
4961
2769
1857
687
2010
2118
4323
1178
4255
3019
3502
3151
1238
3056
155
4363
3706
199
406
2546
3727
3530
1947
1139
935
3932
1876
1074
16
2576
344
4631
2618
576
1439
3325
3863
3515
708
1633
4783
1757
4487
3730
3227
3580
3830
215
134
3477
2043
33
652
2640
1674
1851
3365
437
1943
4597
2958
696
1337
1882
3753
710
636
3495
4673
2724
4516
2437
85
2408
650
3075
4067
555
3181
4015
1121
2000
2628
2820
3123
3336
572
3668
4509
877
2883
3673
1459
2006
2991
2125
4969
1521
2010
1925
963
616
4743
325
3011
2281
2990
1257
1574
4778
3914
18
3321
505
1024
3727
1871
2038
3114
4432
2472
522
1284
4155
4529
4646
97
3675
1960
1149
88
2578
4812
1866
4413
2440
1830
1807
1660
2994
1007
185
2310
2618
2513
2551
32
3022
3625
1094
1147
564
3942
4126
293
1061
268
1028
4810
1640
1204
2945
3199
4550
360
2362
883
1611
2479
1872
2710
806
95
3980
2963
4039
412
1390
3730
2775
2027
4822
4847
2059
4871
4134
1072
4291
1125
2394
102
3585
149
1052
4083
3940
1759
821
4121
319
4069
3543
3365
3164
4038
1664
3078
3304
2617
3976
3826
2586
4009
4363
1741
1100
2613
3238
2912
3213
2353
4971
826
4974
1876
176
3997
4317
4913
927
3620
1403
4360
4881
3234
1489
4419
3697
1468
1035
1996
4822
3713
3080
698
1801
2289
1019
384
1444
1438
3206
3017
4447
2626
1663
257
4158
2092
3021
1483
1022
4400
1513
83
3555
2141
3281
4665
4058
1898
976
2400
3229
2668
353
1082
2173
568
2493
1677
4786
1614
1676
638
2032
285
1439
3763
913
303
3957
2468
3441
3227
1742
3107
2743
2584
1677
1738
1025
1948
3821
1871
3052
918
325
354
2856
3005
3581
1328
3340
2109
4689
4156
1862
2252
4001
4940
2235
3728
4942
503
2167
3700
2998
362
4393
1458
804
2418
195
3420
2928
549
3591
311
1244
4774
4594
1200
2895
1009
4470
1188
3683
1799
1321
680
18
4224
3726
554
3079
66
990
4308
4486
2791
4899
